NAME : single
TYPE : ATSP
DIMENSION : 17
EDGE_WEIGHT_TYPE : EXPLICIT
EDGE_WEIGHT_FORMAT : FULL_MATRIX
EDGE_WEIGHT_SECTION
0 50151 50143 824 945 50197 50147 50205 828 804 714 672 744 591 233 147 129 
0 0 260 623 429 355 127 373 820 659 721 870 938 50000 50000 50000 50000 
0 260 0 472 280 251 275 221 731 518 602 758 865 50000 50000 50000 50000 
0 623 472 0 123 291 394 257 203 90 177 270 310 494 50000 50000 50000 
0 429 280 123 0 266 291 282 322 164 239 397 464 566 786 50000 50000 
0 355 251 291 266 0 222 147 464 306 392 537 604 727 50000 50000 50000 
0 127 275 394 291 222 0 234 749 529 583 729 824 872 50000 50000 50000 
0 373 221 257 282 147 234 0 430 268 332 479 546 661 50000 50000 50000 
0 820 731 203 322 464 749 430 0 158 294 142 159 303 538 577 540 
0 659 518 90 164 306 529 268 158 0 267 223 262 458 604 50000 50000 
0 721 602 177 239 392 583 332 294 267 0 292 246 339 519 50000 509 
0 870 758 270 397 537 729 479 142 223 292 0 72 167 397 434 414 
0 938 865 310 464 604 824 546 159 262 246 72 0 214 459 487 444 
0 50000 50000 494 566 727 872 661 303 458 339 167 214 0 243 282 251 
0 50000 50000 50000 786 50000 50000 50000 538 604 519 397 459 243 0 289 148 
0 50000 50000 50000 50000 50000 50000 50000 577 50000 50000 434 487 282 289 0 141 
0 50000 50000 50000 50000 50000 50000 50000 540 50000 509 414 444 251 148 141 0 
EOF